$ANSIBLE_VAULT;1.1;AES256
31666266313263663938626463653865636434366637326232656534653239343334393765643438
3335373161376566656535666662613661316533303732390a353361636634303264666339396231
31393161653338623262386364303462613363653236396133383034626635613861626361323164
3433366132303337620a353830623030333764666361663738343139643666633933326564313033
38363264306665393937623637633265316135353461386135336437343235326537393630633834
30343232666234386233376331336462393766383535643638366237343261366330333035613434
36346261653133316166373263613262343264366230666337303062316261303233313937303330
61346336393566666639366439333563346534376335666430316333323565366536633434373730
66613863356231643361633034356136313733333032316334346361306263333661313731343962
33343939396466376537363264373439636434663761383965613464626336353936663132383564
34303639363332373261633263646239613365373261313762653034313731616465626664353634
30656363656330623737386530333161623031663530383534316164383530363337393536333630
64636363656361336661656536626430363066653863366232393132356261663838393861326534
31393165333130393661653964656261633863336132663731313633363333343363616463306531
33633862333930363961316236303135356137616462383866393735616361643639386261616462
30333962346636306165633038333438333663346131633931656366393166303933626631373230
6437
