$ANSIBLE_VAULT;1.1;AES256
31303862303236643533316632343638633336363866356365653665633233333136643031663535
3361396366656335666136363566396365366464653137390a303537643364653263666161613264
30303431323463383033333962636533633633656530653239613333353966333263643433646537
6436353963316537360a613461343135643831636566383966623362393230363735386164663133
65386637373131643466343035346531653839653230356333656263353035653232383030323663
36663266336330663436623162343839643866363064653362353136356463316631366636623937
38333435663631643634616538353238376533623037373837346464333934623434393434353436
35643238376536616161383063353334363832303763393837366666373763343836396239386564
39653831373364383330323034653866643462323037306536386165396135306536633735346562
32616338346465366361386665363738303030336236656362633533643766333730626633323937
35626463353930363065623866633566663233316362346330383365623763343263643638326563
33663639303835663163633135666339653436663337356362646331303335303734373038386436
31666137646537353936643631333432653736626161643164313633333435353839323932343232
38613630353636663738623231396132343061373364636536366138363330646237333033666265
33396232373165323032633834303664373663363632653164613835363331663265643332643539
31636633376163643136393364656164323736383638393937643463623766333862626130636331
61376561353831313437356633366563383266373261643634663465353261373266343831663839
66393237633738303534353437303239373631383839623230373033666362636134643335666361
33666137653035343763373661646134363362373739323361303365643936363535613235626231
33616566363061323264656662363363656563363335346633383163363337323063303933666533
62363431363233396164653633636263376562643266643065323965393262313532396563623732
3261613532396431613135393633356636303661316536363830
