$ANSIBLE_VAULT;1.1;AES256
66353131353531306366366563303138623063383239323834656532333566363864616236346636
6164373532373730623662326665643637313034633130660a653332353438333934383335666635
36663531663033656639626439613535303531636262326339356334313465326634643166323563
3034646636623431360a653964333830326639303863643130656330323831356662633332386134
65623437313534366563373935343835316562336463306236376563373164663733646632643934
39383764323961646339343034356535376462313437386239363362656330316232333430366130
30353935336539313663333730373163393964663130323934343764663331333132393962663563
32616262303838653238393939323665306565303663633966323863643136343130633339313335
33363362396261323131663061383236343931393964396539363766646235383238666162623734
35323566643861376265666235643963373134343764353562373065323238393333333565316532
39383362643535373861346566663239346464633265333462303764356464646638633736613630
65663733623537643961633535663262363561306566353464616437386336303834643933323361
65386265313637353039366335323866323762643932333564383331616233373939653262613630
30343164303763313435643763613432326264363764316232323334626338333736663030323564
62393831636638366631346465653834376231313662396435623137333662363437393739383031
61373831316234376136326432633231343733313464326565643635363262393134373633633736
38376338363239313265666333613535373562653238383661353930353036336164386633303663
30313733613539653236633436383138393364636131663263313034393338643566653261383163
32376662643437646534616364646635666233353862373535626331306436376630643763313435
66653839383661373661643431353539656561366433303762363839363665346562313333633132
34373332613330393734313065343139323763313937366139393035333533346261313137343233
66326434666261613563393037306363353430313035383739313264343539376231333934643532
61613966323461303734303532616336353363363638333465646666306364663961353263326561
39366262613733616663306363656437646631323736363464313332336133636461636638656132
66663335393961366238303166663536336238353338653536353862343131636134616565326437
64356666613966643535646363313261653664323464333462663336613363656563643930386534
31393833373737363165383535656239363036626237656532303837336235366132313436613732
63383465346432663332663036313361353039656663616563653038666539393435386362303639
64366263643231373666313538636465343633613733633733383738313037386330623962663637
33653361636134363033323139363536376662363466373338363637343261633838366262643866
30643630653535346665326238396531383433383565356331393530343331313265313935623734
62366161333132386132373232323563316337386638353338623162643939326662326434373865
34656438356636326363663230376666313663313035373065323966396436656162343966313162
32303463373161316536353635346465636430323961626131333765346163666365356632663766
64383666633035666630623063396130663066643038623061613035643030373864663162623666
36363235396133396339343934343039633934336564303162343939623231306531623636316466
30393538356638383634653038636634623637633766336130353431613063383930343830363262
31663865316431316334353533383035663966343761616662373334333436663161633933623462
37303063313137326466373635613331356164613666363031346438613631306662376131613530
33626461343039616562656230333966346633636334393334376162643866396435326665663830
63626436643062363666303665383730666264396636653436333333623534636362333663343161
32396262666237323031323565363163383438626230343863613230653131373964616230386263
64396663366536633132333431363261646438336266326237376636663961353963313537626630
66353434393037393534646134613163326434316133613431303133376165316239333636646364
36313239376239323336356633393930336638343439343533306138656132343364656631323932
36363066396135616665653464333732653032613930656638656537313563333838393036356330
30653961636530633764306639396362626261666232613639666439396333323234326334613034
61333566356365636236373561396163366361653162393534333634646366613438313830353664
39396665393761353662343165613032393366643864386532333939323536303139376532633963
61633633383836356435646439333530613035373230663035333839663039663666316634346262
33616237386632323162616366616661366530326234656634636139393066623639313461373133
38376663646137396630346164316636393739663939643834646161353136663435623834646338
61313136623230663261616331313164346666356335366561363139303762383865343364353331
34636339336138313562653538373336626265643666376165643032323132306137323865633734
61663839646230653137663062666135633738353062343539373962353764383034333666616331
30393235643131646261663633393734356563346331356130323133316335643664633532383839
64653431303561373235316461663663643733643838306635633135613837353864343035613163
63393066613830643064656162363432346337383339376631633165303762656665363166353933
65366162386633333965616235336264313561633532303331653530336633303836636637353965
62636262613136616230653433313931646663626635336466333432336437633132383638346132
63363935656430323239313032643533346263616162383335616239373063653763626534656464
34393537643362626335383338316464616531663733393632663933326134323538343031373434
64613830373962393466616662323938333536343638653962646137383836653232303662623764
38333366393162643630383735396334643137393638623138363336646134373336326434383865
31633235393832373933313938396162323234313434303332323165653766626365373837333337
62386233373232666237373435396434333030343561306335663366336538356330306434303232
64333039383664613133626562373730393833353365613865343861363663353165613732353137
32343136646630663531303531653632353332663663636633313866633939376432663936303137
65633434373336386663343437616133666632623132623730306434376638663264613566346337
61643663376130303861383231643536386533656434323038343833646666316339343831633432
64653736343864613532363334363539663661363531653134336333363736383362633362303866
35333064616465326665366564336332613964313138643934656439613730616337656261646234
31663462373566356533646566666138666633643630313337316235643337306339313034666363
61396338663630373661346332643239353334633135656636383631373963653666636361386637
35386639633336633963393564623133343931393762613238633230326435323136663764386237
30636561383863656138
