$ANSIBLE_VAULT;1.1;AES256
30333535393535363536383634633462346264366231376635613437376362643261333035346166
3366366562303732643566326630396534366635336662640a373864643063303265653266393764
30646366353863656435656664353864363639373133356437303635336533663264646463623836
3130616165363830370a383839616431303766663133363435323766373635396564653561326664
35616233336363333239636438336139303633323962376230366438623930333733663061636661
33326161376137323064393138353833636364653335336636376534383434646164316562346639
35653162353737383537303437323761373765633137386662313762376561306430656339376132
37313764646630303565333437303465616361646536366161366434633334363437636632396338
38353565613731613961653138313838366134636133383139666162346164316330313039653136
65343439386132656465643536646165633265616662303231643565333965353535633534663432
62376531396661383261633834623266316333313632663962373166636130643262626361373038
37623138373837646133
