$ANSIBLE_VAULT;1.1;AES256
30383566386562663032353762633638616161653535343861353463306363373032383638633138
3261393930366366323637393638623661663432356662370a623731663061386531616466313730
35643733613934623532333036343533633664303831326630636530316537653835333264636237
6630633235633732640a613632323336393062613935393631616231316234613738646433376361
32303264346231663537653631653631373439653664303665646665653235653133623739303331
39626264643831653966663733313531363864373139666437363737393832373563303665303062
33306531633961663635666461393430306666636637613230363333636564303165396532633132
33616333343338353461316365623132366465613033313938316137633431623639366336396237
37626639356462306261656330313133343237646338333534356263346163333330303263303436
38343333303732383765333230303234646465323334326161326661303365646361333739366366
66396432303232356130646139396234396363366438346565663139393766623564376533643830
37366464333364646562373335326134363866393264633263626166343832346131343936356239
32383339633734326330633735623163366363326262393736303130313739663633346133316135
30343563646634653530323438663065326239343862613038653163663437346365303763376338
64616232636138653038643030333337636466303335633839353335363762363938336333663238
35396537373439356263313634316631633935636434313965656634376138376361646534623664
64323966306566333334303164313761316464376635626133623361643364353230383163633234
33633633303061303063343266373130373235353030353766363537316432343065643034376463
33643937623232366130393132623235313331316461336566663763393132366532633435386434
62326661643731393266623035636462653437646633643866303637373833623764623164376331
3831
